out,0,56,99,53,100,99,55,49,54,99,51,102,51,100,54,55,98,56,50,51,56,51,48,101,57,100,55,101,56,98,102,48,48,49,53,51,57,56,53,102,57,0,117,110,100,101,102,105,110,101,100,0,0

out,1,132,179,1,134,83,0

out,1,132,179,1,134,83,0

out,1,132,179,1,134,83,0

in,4,118,117,108,116,114,45,97,109,115,116,101,114,100,97,109,0

out,1,132,179,1,134,83,0

in,2,129,18,0,0,255,136,0,171,135,189,1,0,78,1,0,1,8,6,0,0,56,46,70,0,112,111,112,52,0,0,71,0,91,208,186,208,190,208,177,208,176,209,128,209,140,0,118,97,103,0,80,111,112,0,98,111,110,106,111,117,114,32,109,109,101,32,109,114,0,83,101,115,108,101,115,0,117,117,104,107,121,117,104,117,121,117,106,104,104,110,106,0,106,102,0,0,56,46,198,0,0,0,0,9,25,182,69,207,60,51,72,139,90,162,71,79,0,100,71,120,10,8,71,35,192,188,70,70,126,138,70,164,174,130,70,38,140,124,70,51,78,89,70,222,158,76,70,2,0,0,0,0,10,145,255,143,2,4,0,17,4,98,0,3,2,0,243,2,56,46,70,181,55,12,69,233,208,255,7,167,10,243,57,1,9,24,0,3,2,0,19,66,8,0,7,2,0,70,51,51,179,62,15,0,241,44,2,0,0,0,0,164,10,237,86,1,1,3,1,5,1,0,135,16,253,1,237,1,0,0,56,69,0,128,59,69,1,5,0,0,128,63,192,7,0,222,107,13,67,0,0,1,0,179,158,156,10,252,155,218,3,0,213,170,213,59,0,67,182,10,228,6,59,0,228,4,253,2,140,11,4,254,109,64,0,0,200,66,3,58,0,171,205,33,84,66,0,0,1,0,191,151,58,0,67,156,10,130,87,58,0,213,143,10,157,2,39,129,125,86,65,0,0,200,66,116,0,4,58,0,43,174,129,58,0,67,157,10,187,55,58,0,159,93,170,9,174,15,7,33,139,66,58,0,2,58,194,251,155,174,0,67,157,10,235,117,58,0,143,217,5,196,11,126,26,214,142,58,0,3,45,213,243,58,0,20,238,58,0,159,254,2,136,30,247,7,228,61,13,35,1,3,58,247,255,153,117,0,67,162,10,246,108,117,0,243,0,56,160,3,195,41,0,0,32,65,0,0,32,65,1,4,93,1,49,65,144,27,35,1,133,250,190,156,10,233,208,255,7,93,1,67,150,10,148,58,58,0,85,52,145,3,252,21,58,0,19,3,58,0,246,0,106,253,197,65,0,0,1,0,213,171,156,10,221,239,197,58,0,67,148,10,136,67,58,0,111,173,24,174,3,207,30,59,0,6,43,148,186,59,0,67,164,10,183,121,59,0,101,255,5,168,5,231,38,59,0,12,176,0,43,207,193,176,0,67,146,10,202,71,59,0,145,249,3,177,10,163,33,163,11,47,96,1,13,14,2,43,219,128,96,1,67,160,10,181,27,59,0,95,219,6,204,6,243,177,0,7,43,137,196,177,0,52,176,10,156,96,1,159,229,11,168,6,171,20,0,0,144,118,0,3,43,230,168,74,2,67,153,10,245,103,118,0,145,223,19,186,5,217,12,94,143,34,59,0,13,133,2,43,228,153,59,0,52,180,10,170,39,1,214,163,21,152,1,155,12,0,0,240,65,0,0,240,157,1,4,215,1,43,204,188,177,0,67,170,10,250,126,118,0,159,159,3,218,5,205,17,0,0,200,118,0,3,43,174,177,118,0,67,158,10,228,98,59,0,111,231,23,171,1,197,1,118,0,6,43,157,174,118,0,51,146,10,7,58,0,100,229,6,176,8,247,4,117,0,13,156,1,43,247,242,156,1,67,156,10,244,78,59,0,145,227,10,160,6,145,4,171,170,166,176,0,13,59,0,43,134,247,59,0,67,166,10,230,14,59,0,84,171,1,16,163,2,117,0,13,96,1,43,134,128,234,0,67,149,10,143,65,58,0,101,160,20,246,2,153,37,135,2,12,253,2,28,142,96,1,67,179,10,232,122,59,0,243,0,170,21,19,231,41,0,0,72,65,0,0,72,65,1,1,55,3,247,1,211,114,215,65,0,1,145,10,183,9,226,196,156,10,212,156,57,3,52,150,10,161,39,1,95,84,196,3,251,29,118,0,6,28,218,135,2,67,168,10,192,16,118,0,111,212,11,250,1,225,7,236,0,6,43,200,192,236,0,52,177,10,168,209,4,145,132,8,159,1,255,11,190,46,216,12,5,13,97,1,43,192,149,59,0,67,158,10,178,48,118,0,145,208,11,172,12,213,5,107,186,98,156,1,13,98,1,43,224,210,156,1,67,153,10,189,125,59,0,95,142,12,164,2,129,157,1,7,43,151,195,118,0,51,155,10,53,58,0,111,236,16,168,2,199,12,38,1,6,43,217,195,134,2,67,162,10,144,119,59,0,111,204,3,225,9,217,18,38,1,6,43,150,132,176,0,67,130,10,161,18,59,0,111,194,5,234,19,145,23,38,1,6,43,171,138,59,0,52,155,10,159,94,4,85,180,1,234,12,213,118,0,13,97,1,43,136,237,59,0,67,150,10,196,22,118,0,111,210,9,237,9,251,22,118,0,6,58,199,255,154,249,5,67,170,10,165,37,59,0,159,172,4,150,9,177,16,106,102,206,215,1,3,43,162,244,118,0,67,161,10,145,43,59,0,145,136,9,226,4,215,16,19,214,156,59,0,13,215,1,43,249,143,156,1,52,179,10,165,153,4,143,160,8,137,1,243,14,143,249,229,6,4,43,130,161,59,0,67,177,10,205,5,118,0,111,218,13,182,3,253,14,157,1,6,43,187,180,59,0,67,170,10,146,33,59,0,145,146,6,251,4,183,5,186,174,172,136,2,13,98,1,43,249,255,236,0,67,157,10,179,113,59,0,130,224,6,219,1,137,7,250,190,208,7,13,59,0,43,180,138,118,0,67,169,10,196,123,59,0,85,230,6,232,10,145,195,2,13,59,0,43,229,248,118,0,67,165,10,144,9,59,0,85,174,3,142,6,169,59,0,13,98,1,43,227,184,118,0,52,178,10,147,175,3,159,148,8,240,9,161,3,43,27,140,236,0,3,43,155,239,118,0,67,166,10,231,115,118,0,95,177,13,74,178,13,97,1,6,28,219,47,9,67,149,10,236,17,58,0,111,167,13,168,3,182,3,59,0,6,43,248,197,176,0,67,165,10,247,12,59,0,130,159,11,210,5,176,4,177,207,36,4,13,38,1,43,186,181,59,0,67,162,10,253,64,59,0,145,163,16,220,10,174,1,0,0,56,235,0,13,38,1,43,212,140,59,0,52,150,10,225,57,3,111,237,22,236,6,226,9,118,0,6,43,189,141,59,0,67,154,10,154,93,118,0,95,219,23,145,5,144,230,6,7,43,132,166,96,4,52,157,10,171,177,0,95,165,4,55,140,5,38,1,6,43,154,193,117,0,67,144,10,251,105,117,0,175,161,17,172,6,196,14,64,236,51,63,203,10,2,43,177,253,214,1,52,170,10,196,253,2,100,187,6,233,1,156,15,118,0,13,97,1,43,219,226,59,0,52,181,10,195,192,5,111,171,10,205,2,148,14,75,5,6,43,187,145,235,0,67,170,10,160,25,177,0,111,169,2,174,7,232,22,59,0,6,43,182,160,59,0,68,174,10,177,70,59,0,70,20,135,5,184,93,7,12,228,9,43,247,150,228,9,52,177,10,253,110,9,95,159,21,6,236,30,129,8,6,43,245,198,117,0,52,169,10,250,102,12,70,253,2,56,252,8,11,12,209,7,43,147,190,58,0,67,176,10,171,42,175,0,86,209,7,226,15,164,59,0,12,175,0,43,191,132,175,0,52,152,10,237,93,4,101,175,5,208,4,248,40,37,1,12,59,0,43,180,195,59,0,67,170,10,184,97,118,0,100,176,5,182,8,200,24,214,1,13,252,2,43,149,231,214,1,67,174,10,188,21,59,0,145,206,24,129,1,138,43,84,85,213,191,5,13,17,2,43,198,162,135,2,67,174,10,236,127,59,0,85,140,11,247,1,132,35,4,13,59,0,43,130,235,118,0,52,170,10,170,47,12,159,250,12,155,3,218,17,236,81,170,173,3,3,43,237,230,59,0,52,144,10,168,35,4,159,242,8,227,2,214,2,136,115,39,59,0,3,43,193,156,177,0,67,145,10,217,36,177,0,127,226,1,86,218,6,1,196,249,5,4,43,156,133,58,0,68,178,10,206,95,58,0,79,13,74,130,7,2,14,6,43,239,182,58,0,67,161,10,209,57,58,0,101,188,3,129,2,232,13,214,1,12,76,2,43,220,159,76,2,36,164,10,16,2,159,224,2,230,11,238,16,223,23,44,233,0,3,43,212,250,36,1,67,164,10,147,96,117,0,111,144,2,176,12,148,15,117,0,6,43,247,129,117,0,52,160,10,159,92,4,95,202,5,220,2,132,59,0,7,43,182,182,59,0,67,156,10,186,77,118,0,95,140,4,157,7,132,5,14,7,43,189,133,59,0,67,142,10,139,109,59,0,101,138,12,154,15,174,42,177,0,12,252,2,43,160,136,252,2,67,154,10,151,39,59,0,79,204,3,118,166,32,4,7,43,223,196,58,0,67,163,10,222,100,58,0,70,254,11,65,142,58,0,12,154,1,28,197,65,11,67,166,10,166,47,58,0,111,148,21,179,7,150,32,175,0,6,43,183,140,117,0,67,168,10,209,28,59,0,95,146,7,182,4,152,234,0,7,43,163,179,59,0,52,163,10,225,42,15,95,242,1,190,7,154,92,4,7,43,167,182,59,0,67,166,10,192,79,118,0,95,176,20,131,2,202,59,0,7,38,218,178,59,0,80,2,0,0,0,0

out,1,132,179,1,134,83,0

out,1,132,227,7,134,223,134,8,0

out,1,132,227,7,134,223,134,8,0

out,1,132,227,7,134,223,134,8,0

out,1,132,227,7,134,223,134,8,0

out,1,132,227,7,134,223,134,8,0

out,1,132,227,7,134,223,134,8,0

in,2,78,5,0,0,243,255,255,255,255,255,12,0,177,135,189,1,0,79,1,0,0,0,26,229,68,178,69,34,133,112,13,69,0,146,10,7,0,0,1,225,6,1,180,8,1,241,4,0,155,10,53,0,0,1,224,16,1,176,2,1,195,12,0,164,10,113,0,0,1,230,2,1,234,11,1,238,16,0,177,10,205,5,0,0,1,218,13,1,180,3,1,131,15,0,182,10,228,6,0,0,1,6,1,129,3,1,144,11,0,150,10,161,7,0,0,1,96,1,188,3,1,249,29,0,165,10,144,9,0,0,1,172,3,1,146,6,1,175,2,0,144,10,168,12,0,0,1,248,8,1,231,2,1,218,2,0,165,10,247,12,0,0,1,165,11,1,214,5,1,174,4,0,166,10,230,14,0,0,1,177,1,1,12,1,163,2,0,168,10,192,16,0,0,1,212,11,1,246,1,1,231,7,0,149,10,236,17,0,0,1,171,13,1,164,3,1,180,3,0,130,10,161,18,0,0,1,192,5,1,238,19,1,139,23,0,174,10,188,21,0,0,1,202,24,1,133,1,1,138,43,0,150,10,196,22,0,0,1,210,9,1,241,9,1,245,22,0,150,10,225,22,0,0,1,239,22,1,240,6,1,222,9,0,170,10,160,25,0,0,1,163,2,1,182,7,1,242,22,0,155,10,159,27,0,0,1,184,1,1,238,12,1,215,18,0,160,10,181,27,0,0,1,211,6,1,212,6,1,253,30,0,168,10,209,28,0,0,1,150,7,1,190,4,1,164,42,0,170,10,146,33,0,0,1,140,6,1,255,4,1,181,5,0,170,10,196,33,0,0,1,189,6,1,237,1,1,162,15,0,145,10,217,36,0,0,1,232,1,1,82,1,218,6,0,170,10,165,37,0,0,1,168,4,1,152,9,1,181,16,0,154,10,151,39,0,0,1,206,3,1,126,1,154,37,0,176,10,171,42,0,0,1,217,7,1,234,15,1,174,41,0,161,10,145,43,0,0,1,130,9,1,228,4,1,217,16,0,166,10,166,47,0,0,1,138,21,1,187,7,1,158,32,0,158,10,178,48,0,0,1,202,11,1,176,12,1,213,5,0,181,10,195,48,0,0,1,171,10,1,213,2,1,136,14,0,178,10,147,55,0,0,1,142,8,1,244,9,1,159,3,0,177,10,168,55,0,0,1,254,7,1,163,1,1,131,12,0,157,10,187,55,0,0,1,89,1,174,9,1,178,15,0,161,10,209,57,0,0,1,180,3,1,137,2,1,224,13,0,150,10,148,58,0,0,1,64,1,153,3,1,254,21,0,170,10,170,58,0,0,1,254,12,1,159,3,1,214,17,0,157,10,171,64,0,0,1,169,4,1,59,1,142,5,0,162,10,253,64,0,0,1,161,16,1,224,10,1,168,1,0,149,10,143,65,0,0,1,202,20,1,248,2,1,163,39,18,0,0,0,63,14,91,145,239,65,0,148,10,136,67,0,0,1,185,24,1,182,3,1,211,30,0,163,10,225,67,0,0,1,252,1,1,198,7,1,148,41,0,174,10,177,70,0,0,1,169,20,1,143,5,1,196,37,0,146,10,202,71,0,0,1,251,3,1,181,10,1,157,33,6,63,165,56,66,0,156,10,186,77,0,0,1,140,4,1,165,7,1,144,21,0,156,10,244,78,0,0,1,231,10,1,164,6,1,149,4,0,166,10,192,79,0,0,1,166,20,1,137,2,1,196,41,0,164,10,237,86,0,0,1,141,16,1,129,2,1,237,1,0,169,10,250,86,0,0,1,219,2,1,48,1,176,42,0,156,10,130,87,0,0,1,139,10,1,161,2,1,33,0,154,10,154,93,0,0,1,207,23,1,153,5,1,146,1,0,178,10,206,95,0,0,1,222,13,1,70,1,254,6,0,164,10,147,96,0,0,1,156,2,1,184,12,1,152,15,0,170,10,184,97,0,0,1,180,5,1,184,8,1,204,24,0,158,10,228,98,0,0,1,223,23,1,179,1,1,207,1,0,163,10,222,100,0,0,1,230,11,1,73,1,180,37,0,153,10,245,103,0,0,1,229,19,1,190,5,1,217,12,0,160,10,159,105,0,0,1,194,5,1,228,2,1,250,14,0,144,10,251,105,0,0,1,163,17,1,176,6,1,202,14,0,176,10,156,108,0,0,1,231,11,1,172,6,1,177,20,0,162,10,246,108,0,0,1,46,1,154,3,1,193,41,0,177,10,253,108,0,0,1,151,21,1,0,1,232,30,0,142,10,139,109,0,0,1,138,12,1,160,15,1,186,42,0,157,10,179,113,0,0,1,220,6,1,223,1,1,133,7,0,152,10,237,113,0,0,1,187,5,1,200,4,1,250,40,0,166,10,231,115,0,0,1,171,13,1,70,1,176,13,0,157,10,235,117,0,0,1,211,5,1,200,11,1,126,0,157,10,238,117,0,0,1,254,2,1,140,30,1,253,7,0,162,10,144,119,0,0,1,206,3,1,227,9,1,211,18,0,179,10,165,121,0,0,1,166,8,1,141,1,1,247,14,0,180,10,170,121,0,0,1,155,21,1,146,1,1,165,12,0,164,10,183,121,0,0,1,131,6,1,160,5,1,219,38,0,179,10,232,122,0,0,1,252,20,1,19,1,163,39,6,104,172,55,65,0,169,10,196,123,0,0,1,238,6,1,236,10,1,145,2,0,153,10,189,125,0,0,1,138,12,1,168,2,1,251,1,0,170,10,250,126,0,0,1,161,3,1,222,5,1,211,17,0,174,10,236,127,0,0,1,140,11,1,251,1,1,138,13,0,161,10,133,71,1,1,3,1,5,1,0,148,24,3,201,43,0,0,72,65,0,0,72,65,1,1,0,0,128,63,192,7,0,211,114,215,65,0,1,145,10,183,9,250,197,156,10,212,156,197,7,0,213,170,213,2,0,0,0,0,169,10,254,73,60,0,79,144,23,11,183,60,0,9,240,2,224,197,156,10,212,156,197,7,0,213,170,213,2,0,0,0,0

out,1,132,227,7,134,223,134,8,0

out,1,132,227,7,134,223,134,8,0

out,1,132,227,7,134,223,134,8,0

out,1,132,227,7,134,223,134,8,0

out,1,132,227,7,134,223,134,8,0

out,1,132,227,7,134,223,134,8,0

out,1,132,227,7,134,223,134,8,0

out,1,132,227,7,134,223,134,8,0

out,1,132,227,7,134,223,134,8,0

out,1,132,227,7,134,223,134,8,0

out,1,132,227,7,134,223,134,8,0

out,1,132,227,7,134,223,134,8,0

out,1,132,227,7,134,223,134,8,0

out,1,132,227,7,134,223,134,8,0

out,1,132,227,7,134,223,134,8,0

out,1,132,227,7,134,223,134,8,0

out,1,132,227,7,134,215,134,8,0

in,2,99,5,0,0,243,255,255,255,255,255,32,0,186,135,189,1,0,81,1,0,0,0,26,232,101,172,69,34,219,73,14,69,0,146,10,7,0,0,1,221,6,1,186,8,1,233,4,0,155,10,53,0,0,1,206,16,1,186,2,1,191,12,0,164,10,113,0,0,1,238,2,1,240,11,1,234,16,0,177,10,205,5,0,0,1,216,13,1,174,3,1,139,15,0,182,10,228,6,0,0,1,12,1,135,3,1,152,11,0,150,10,161,7,0,0,1,112,1,176,3,1,243,29,0,165,10,144,9,0,0,1,170,3,1,150,6,1,185,2,0,144,10,168,12,0,0,1,128,9,1,237,2,1,222,2,0,165,10,247,12,0,0,1,173,11,1,220,5,1,174,4,0,166,10,230,14,0,0,1,187,1,1,6,1,163,2,0,168,10,192,16,0,0,1,210,11,1,240,1,1,241,7,0,149,10,236,17,0,0,1,179,13,1,158,3,1,176,3,0,130,10,161,18,0,0,1,188,5,1,244,19,1,131,23,0,174,10,188,21,0,0,1,192,24,1,139,1,1,136,43,0,150,10,196,22,0,0,1,212,9,1,247,9,1,237,22,0,150,10,225,22,0,0,1,241,22,1,246,6,1,212,9,0,170,10,160,25,0,0,1,151,2,1,192,7,1,128,23,0,155,10,159,27,0,0,1,192,1,1,244,12,1,221,18,0,160,10,181,27,0,0,1,201,6,1,224,6,1,139,31,0,168,10,209,28,0,0,1,158,7,1,202,4,1,180,42,0,170,10,146,33,0,0,1,130,6,1,133,5,1,179,5,0,170,10,196,33,0,0,1,193,6,1,243,1,1,170,15,0,145,10,217,36,0,0,1,242,1,1,76,1,218,6,0,170,10,165,37,0,0,1,162,4,1,158,9,1,187,16,0,158,10,196,37,0,0,1,238,22,1,15,1,247,42,0,154,10,151,39,0,0,1,208,3,1,138,1,1,136,37,0,176,10,171,42,0,0,1,227,7,1,244,15,1,188,41,0,161,10,145,43,0,0,1,252,8,1,234,4,1,223,16,0,166,10,166,47,0,0,1,250,20,1,199,7,1,168,32,0,158,10,178,48,0,0,1,192,11,1,182,12,1,213,5,0,181,10,195,48,0,0,1,169,10,1,223,2,1,246,13,0,178,10,147,55,0,0,1,176,8,1,250,9,1,195,3,0,177,10,168,55,0,0,1,246,7,1,169,1,1,135,12,0,157,10,187,55,0,0,1,79,1,180,9,1,182,15,0,161,10,209,57,0,0,1,166,3,1,147,2,1,212,13,0,150,10,148,58,0,0,1,82,1,165,3,1,130,22,0,170,10,170,58,0,0,1,134,13,1,165,3,1,210,17,0,157,10,171,64,0,0,1,179,4,1,65,1,142,5,0,162,10,253,64,0,0,1,157,16,1,230,10,1,160,1,0,148,10,136,67,0,0,1,201,24,1,194,3,1,215,30,0,163,10,225,67,0,0,1,140,2,1,210,7,1,140,41,0,174,10,177,70,0,0,1,169,20,1,155,5,1,214,37,0,161,10,133,71,0,0,1,252,23,1,3,1,171,39,0,146,10,202,71,0,0,1,253,3,1,187,10,1,149,33,6,169,11,71,66,0,169,10,254,73,0,0,1,222,22,1,11,1,191,39,0,156,10,186,77,0,0,1,144,4,1,177,7,1,162,21,0,156,10,244,78,0,0,1,239,10,1,170,6,1,155,4,0,166,10,192,79,0,0,1,152,20,1,149,2,1,184,41,0,164,10,237,86,0,0,1,149,16,1,135,2,1,235,1,0,169,10,250,86,0,0,1,191,2,1,36,1,220,42,0,156,10,130,87,0,0,1,137,10,1,167,2,1,25,0,154,10,154,93,0,0,1,189,23,1,165,5,1,150,1,0,178,10,206,95,0,0,1,214,13,1,64,1,248,6,0,164,10,147,96,0,0,1,172,2,1,194,12,1,160,15,0,170,10,184,97,0,0,1,186,5,1,190,8,1,210,24,0,158,10,228,98,0,0,1,211,23,1,191,1,1,219,1,0,163,10,222,100,0,0,1,208,11,1,83,1,200,37,0,153,10,245,103,0,0,1,183,19,1,196,5,1,231,12,0,160,10,159,105,0,0,1,184,5,1,238,2,1,236,14,0,144,10,251,105,0,0,1,167,17,1,182,6,1,210,14,0,176,10,156,108,0,0,1,235,11,1,178,6,1,185,20,0,162,10,246,108,0,0,1,28,1,142,3,1,189,41,0,177,10,253,108,0,0,1,137,21,1,11,1,224,30,0,142,10,139,109,0,0,1,136,12,1,172,15,1,204,42,0,157,10,179,113,0,0,1,214,6,1,229,1,1,253,6,0,152,10,237,113,0,0,1,205,5,1,188,4,1,252,40,0,166,10,231,115,0,0,1,161,13,1,64,1,174,13,0,157,10,235,117,0,0,1,201,5,1,206,11,1,126,0,157,10,238,117,0,0,1,252,2,1,146,30,1,133,8,0,162,10,144,119,0,0,1,210,3,1,233,9,1,203,18,0,179,10,165,121,0,0,1,172,8,1,145,1,1,251,14,0,180,10,170,121,0,0,1,153,21,1,134,1,1,175,12,0,164,10,183,121,0,0,1,139,6,1,150,5,1,203,38,0,179,10,232,122,0,0,1,222,20,1,19,1,245,35,6,104,172,55,65,0,169,10,196,123,0,0,1,204,6,1,242,10,1,235,1,0,153,10,189,125,0,0,1,132,12,1,174,2,1,245,1,0,170,10,250,126,0,0,1,165,3,1,228,5,1,219,17,0,174,10,236,127,0,0,1,142,11,1,129,2,1,146,13,0,163,10,177,15,1,1,3,1,5,1,0,206,24,125,176,26,0,0,12,65,0,0,12,65,1,1,0,0,128,63,192,7,0,131,36,2,66,0,1,163,10,194,68,161,199,156,10,212,156,197,7,0,213,170,213,2,0,0,0,0,175,10,146,10,60,0,111,244,24,129,1,158,27,61,0,8,23,160,61,0,80,2,0,0,0,0

out,1,132,227,7,134,199,134,8,0

out,1,132,227,7,134,135,134,8,0

out,1,132,227,7,134,247,133,8,0

out,1,132,227,7,134,223,133,8,0

out,1,132,227,7,134,215,133,8,0

out,1,132,227,7,134,215,133,8,0

out,1,132,227,7,134,215,133,8,0

out,1,132,227,7,134,215,133,8,0

out,1,132,227,7,134,215,133,8,0

out,1,132,227,7,134,215,133,8,0

out,1,132,227,7,134,215,133,8,0

out,1,132,227,7,134,215,133,8,0

out,1,132,227,7,134,215,133,8,0

out,1,132,227,7,134,215,133,8,0

out,1,132,227,7,134,215,133,8,0

out,1,132,227,7,134,215,133,8,0

out,1,132,227,7,134,215,133,8,0

out,1,132,227,7,134,215,133,8,0

out,1,132,227,7,134,215,133,8,0

out,1,132,227,7,134,215,133,8,0

out,1,132,227,7,134,215,133,8,0

out,1,132,227,7,134,215,133,8,0

out,1,132,227,7,134,215,133,8,0

out,1,132,227,7,134,215,133,8,0

out,1,134,179,3,132,163,3,0

out,1,134,179,3,132,227,2,0

out,1,134,179,3,132,163,2,0

out,1,134,179,3,132,163,2,0

out,1,134,179,3,132,163,2,0

out,1,134,179,3,132,163,2,0

out,1,134,179,3,132,163,2,0

out,1,134,179,3,132,163,2,0

out,1,134,179,3,132,163,2,0

out,1,134,179,3,132,163,2,0

out,1,134,179,3,132,163,2,0

out,1,134,179,3,132,163,2,0

out,1,134,179,3,132,163,2,0

out,1,134,179,3,132,163,2,0

out,1,134,179,3,132,163,2,0

out,1,134,179,3,132,163,2,0

out,1,134,179,3,132,163,2,0

out,1,134,179,3,132,163,2,0

out,1,134,179,3,132,163,2,0

out,1,134,179,3,132,163,2,0

out,1,134,179,3,132,163,2,0

out,1,134,179,3,132,163,2,0

out,1,134,179,3,132,163,2,0

out,1,134,179,3,132,163,2,0

out,1,134,179,3,132,163,2,0

out,1,134,179,3,132,163,2,0

out,1,134,179,3,132,163,2,0

out,1,134,179,3,132,163,2,0

out,1,134,179,3,132,163,2,0

out,1,134,179,3,132,163,2,0

out,1,134,179,3,132,163,2,0

out,1,134,179,3,132,163,2,0

out,1,134,179,3,132,163,2,0

out,1,134,179,3,132,163,2,0

out,1,134,179,3,132,163,2,0

out,1,134,179,3,132,163,2,0

out,1,134,179,3,132,163,2,0

out,1,134,179,3,132,163,2,0

out,1,134,179,3,132,163,2,0

out,1,134,179,3,132,163,2,0

out,1,134,179,3,132,163,2,0

out,1,134,179,3,132,163,2,0

out,1,134,179,3,132,163,2,0

out,1,134,179,3,132,163,2,0

out,1,134,179,3,132,163,2,0

out,1,134,179,3,132,163,2,0

out,1,134,179,3,132,163,2,0

out,1,134,179,3,132,163,2,0

out,1,134,179,3,132,163,2,0

out,1,134,179,3,132,163,2,0

out,1,134,179,3,132,163,2,0

out,1,134,179,3,132,163,2,0

out,1,134,179,3,132,163,2,0

out,1,134,179,3,132,163,2,0

out,1,134,179,3,132,163,2,0

out,1,134,179,3,132,163,2,0

out,1,134,179,3,132,163,2,0

out,1,134,179,3,132,163,2,0

out,1,134,179,3,132,163,2,0

out,1,134,179,3,132,163,2,0

out,1,134,179,3,132,163,2,0

out,1,134,179,3,132,163,2,0

out,1,134,179,3,132,163,2,0

out,1,134,179,3,132,163,2,0

out,1,134,179,3,132,163,2,0

out,1,134,179,3,132,163,2,0

out,1,134,179,3,132,163,2,0

out,1,134,179,3,132,163,2,0

out,1,134,179,3,132,163,2,0

out,1,134,179,3,132,163,2,0

out,1,134,179,3,132,163,2,4

out,1,134,179,3,132,163,2,4

out,1,134,179,3,132,163,2,4

out,1,134,179,3,132,163,2,4

out,1,134,179,3,132,163,2,4

out,1,134,179,3,132,163,2,4

out,1,134,179,3,132,163,2,0

out,1,134,179,3,132,163,2,0

out,1,134,179,3,132,163,2,0

out,1,134,179,3,132,163,2,0

out,1,134,179,3,132,163,2,0

out,1,134,179,3,132,163,2,0

out,1,134,179,3,132,163,2,0

out,1,134,179,3,132,163,2,0

out,1,134,179,3,132,163,2,0

out,1,134,179,3,132,163,2,0

out,1,134,179,3,132,163,2,0

out,1,134,179,3,132,163,2,0

out,1,134,179,3,132,163,2,0

out,1,134,179,3,132,163,2,0

out,1,134,179,3,132,163,2,0

out,1,134,179,3,132,163,2,0

out,1,134,179,3,132,163,2,0

out,1,134,179,3,132,163,2,0

out,1,134,179,3,132,163,2,0

out,1,134,179,3,132,163,2,0

out,2,116,101,114,106,97,110,113,0

out,1,134,179,3,132,163,2,0

out,1,134,179,3,132,163,2,0

out,1,134,179,3,132,163,2,0

out,1,134,179,3,132,163,2,0

in,2,2,15,0,0,242,146,0,241,135,189,1,1,167,10,243,57,131,1,1,0,0,0,26,26,239,126,69,34,0,186,2,69,0,146,10,7,0,0,1,195,6,1,220,8,1,185,4,0,164,10,22,0,0,1,238,14,1,109,1,167,41,18,0,0,0,0,14,129,99,40,66,0,155,10,53,0,0,1,232,15,1,130,3,1,153,12,0,164,10,113,0,0,1,176,3,1,146,12,1,148,17,0,164,10,185,1,0,0,1,102,1,83,1,131,29,6,0,0,0,0,0,177,10,205,5,0,0,1,206,13,1,138,3,1,193,15,0,182,10,228,6,0,0,1,44,1,169,3,1,196,11,0,150,10,161,7,0,0,1,176,1,1,234,2,1,221,28,106,0,242,21,176,110,31,66,0,165,10,144,9,0,0,1,166,3,1,186,6,1,239,2,0,175,10,146,10,0,0,1,145,4,1,129,1,1,232,45,94,0,243,87,149,10,189,10,0,0,1,172,10,1,203,2,1,169,29,18,0,0,0,63,14,251,120,29,66,0,144,10,168,12,0,0,1,172,9,1,145,3,1,252,2,0,165,10,247,12,0,0,1,229,11,1,254,5,1,168,4,0,174,10,169,14,0,0,1,178,10,1,168,2,1,189,3,0,166,10,230,14,0,0,1,241,1,1,25,1,165,2,0,163,10,177,15,0,0,1,155,5,1,125,1,224,109,0,244,255,255,4,156,10,194,15,0,0,1,214,14,1,43,1,161,39,6,188,40,31,65,0,155,10,213,15,0,0,1,137,3,1,115,1,173,36,0,170,10,180,16,0,0,1,222,23,1,75,1,250,41,0,168,10,192,16,0,0,1,204,11,1,204,1,1,167,8,0,176,10,218,17,0,0,1,138,23,1,73,1,158,41,0,149,10,236,17,0,0,1,229,13,1,252,2,1,150,3,0,130,10,161,18,0,0,1,166,5,1,152,20,1,209,22,0,150,10,196,22,0,0,1,218,9,1,155,10,1,181,22,0,150,10,225,22,0,0,1,129,23,1,152,7,1,160,9,6,123,1,151,66,0,164,10,204,24,0,0,1,175,8,1,70,1,203,39,0,170,10,160,25,0,0,1,221,1,1,136,8,1,220,23,0,155,10,159,27,0,0,1,242,1,1,152,13,1,245,18,0,160,10,181,27,0,0,1,129,6,1,166,7,1,223,31,0,168,10,209,28,0,0,1,212,7,1,144,5,1,148,43,0,168,10,254,31,0,0,1,26,1,101,1,171,34,0,170,10,146,33,0,0,1,160,5,1,167,5,1,199,4,0,170,10,196,33,0,0,1,209,6,1,151,2,1,222,15,0,170,10,184,36,0,0,1,199,24,1,204,2,1,212,28,0,145,10,217,36,0,0,1,168,2,1,42,1,224,6,0,170,10,165,37,0,0,1,254,3,1,194,9,1,139,16,0,154,10,151,39,0,0,1,210,3,1,208,1,1,154,36,0,169,10,173,40,0,0,1,222,5,1,140,5,1,211,11,0,176,10,171,42,0,0,1,153,8,1,188,16,1,154,42,0,161,10,145,43,0,0,1,206,8,1,142,5,1,253,16,0,166,10,166,47,0,0,1,164,22,1,141,8,1,220,33,0,158,10,178,48,0,0,1,180,11,1,216,12,1,211,6,0,181,10,195,48,0,0,1,153,10,1,167,3,1,138,13,0,156,10,200,50,0,0,1,221,8,1,166,5,1,185,26,0,163,10,185,54,1,9,0,77,111,118,101,109,101,110,116,32,83,112,101,101,100,0,82,101,108,111,97,100,0,66,117,108,108,101,116,32,68,97,109,97,103,101,0,66,117,108,108,101,116,32,80,101,110,101,116,114,97,116,105,111,110,0,66,117,108,108,101,116,32,83,112,101,101,100,0,66,111,100,121,44,0,178,77,97,120,32,72,101,97,108,116,104,0,7,0,241,23,32,82,101,103,101,110,0,0,74,201,213,69,66,0,0,0,236,163,208,197,166,10,248,88,0,0,0,0,2,228,56,142,64,0,205,204,12,63,194,2,1,2,0,241,255,255,255,107,2,0,0,0,0,178,10,147,55,0,0,1,164,8,1,158,10,1,211,3,0,177,10,168,55,0,0,1,182,8,1,203,1,1,175,12,0,157,10,187,55,0,0,1,29,1,216,9,1,202,15,0,161,10,209,57,0,0,1,236,2,1,219,2,1,152,12,0,150,10,148,58,0,0,1,186,1,1,235,3,1,166,22,0,170,10,170,58,0,0,1,180,13,1,199,3,1,180,17,0,151,10,192,59,0,0,1,159,8,1,137,1,1,219,40,0,157,10,171,64,0,0,1,233,4,1,99,1,154,5,0,162,10,253,64,0,0,1,255,15,1,136,11,1,222,1,6,62,51,135,66,0,178,10,242,67,0,0,1,174,22,1,142,5,1,137,18,0,174,10,177,70,0,0,1,183,20,1,225,5,1,194,38,0,146,10,202,71,0,0,1,139,4,1,221,10,1,223,32,6,223,133,143,66,0,156,10,186,77,0,0,1,238,10,1,176,1,1,194,22,0,156,10,244,78,0,0,1,151,11,1,204,6,1,193,4,0,166,10,192,79,0,0,1,186,19,1,219,2,1,254,40,0,164,10,237,86,0,0,1,205,16,1,171,2,1,237,1,0,156,10,130,87,0,0,1,241,9,1,201,2,1,22,6,179,176,105,65,0,154,10,154,93,0,0,1,215,22,1,235,5,1,188,1,0,178,10,206,95,0,0,1,174,13,1,30,1,210,6,0,164,10,147,96,0,0,1,186,2,1,138,13,1,140,14,0,170,10,184,97,0,0,1,224,5,1,226,8,1,250,24,0,158,10,228,98,0,0,1,129,23,1,133,2,1,163,2,0,164,10,242,99,0,0,1,202,23,1,65,1,190,44,0,163,10,222,100,0,0,1,182,23,1,210,1,1,184,27,18,171,170,170,62,14,37,195,3,66,0,153,10,245,103,0,0,1,237,18,1,230,5,1,247,12,0,160,10,159,105,0,0,1,136,9,1,144,1,1,236,15,0,144,10,251,105,0,0,1,179,17,1,218,6,1,136,15,0,131,10,193,106,0,0,1,148,15,1,31,1,181,26,0,145,10,215,107,0,0,1,152,2,1,148,2,1,216,18,0,176,10,156,108,0,0,1,129,12,1,214,6,1,237,20,0,162,10,246,108,0,0,1,75,1,200,2,1,155,41,0,177,10,253,108,0,0,1,171,20,1,81,1,168,30,0,142,10,139,109,0,0,1,138,12,1,242,15,1,186,43,0,144,10,190,110,0,0,1,181,7,1,139,1,1,205,41,0,162,10,155,112,0,0,1,174,23,1,87,1,250,37,0,157,10,179,113,0,0,1,216,6,1,137,2,1,187,7,0,152,10,237,113,0,0,1,183,6,1,246,3,1,154,41,0,166,10,231,115,0,0,1,235,12,1,28,1,166,13,0,157,10,235,117,0,0,1,147,5,1,242,11,1,132,1,0,157,10,238,117,0,0,1,244,2,1,182,30,1,189,8,0,162,10,144,119,0,0,1,226,3,1,141,10,1,237,18,0,179,10,165,121,0,0,1,220,8,1,181,1,1,151,15,0,180,10,170,121,0,0,1,223,20,1,64,1,245,12,0,164,10,183,121,0,0,1,199,6,1,206,4,1,239,37,0,169,10,196,123,0,0,1,220,6,1,148,11,1,201,1,0,167,10,164,124,0,0,1,166,22,1,173,1,1,178,27,6,250,1,237,64,0,153,10,189,125,0,0,1,222,11,1,208,2,1,205,1,0,153,10,251,125,0,0,1,202,17,1,25,1,155,22,18,171,170,42,62,14,24,184,29,66,0,170,10,250,126,0,0,1,189,3,1,134,6,1,141,18,0,174,10,236,127,0,0,1,158,11,1,165,2,1,198,13,0,172,10,172,41,1,1,3,1,5,1,0,143,98,138,3,190,98,0,0,32,65,0,0,32,65,1,4,0,0,128,63,192,7,0,65,144,27,66,0,0,1,0,248,187,156,10,233,208,255,7,0,213,170,213,119,3,67,175,10,196,109,59,0,111,191,99,190,1,230,121,59,0,6,43,142,202,59,0,67,178,10,188,55,59,0,111,201,109,240,11,186,86,59,0,6,43,211,165,59,0,67,150,10,136,37,59,0,95,221,110,56,250,87,58,0,6,43,194,168,58,0,67,138,10,157,76,58,0,95,213,112,137,4,168,59,0,7,43,138,144,59,0,67,156,10,235,20,59,0,111,133,109,178,8,180,80,118,0,6,43,161,185,59,0,67,170,10,246,81,59,0,111,211,106,152,3,234,93,59,0,6,28,195,177,0,67,172,10,235,87,59,0,95,223,89,166,2,146,38,1,7,43,178,178,118,0,67,161,10,147,69,59,0,111,197,95,188,3,248,84,118,0,6,43,239,195,59,0,67,166,10,208,33,59,0,111,129,96,162,3,152,83,59,0,6,28,211,177,0,67,152,10,185,27,59,0,111,133,88,222,3,190,81,59,0,6,43,193,198,118,0,67,172,10,175,73,59,0,111,165,95,138,4,176,95,59,0,6,28,184,18,2,67,171,10,178,121,59,0,251,1,203,89,252,8,142,92,0,0,240,65,0,0,240,65,1,3,195,2,118,243,172,156,10,247,236,241,195,2,67,157,10,220,111,59,0,111,129,117,128,10,142,101,59,0,6,43,192,174,59,0,67,176,10,150,62,59,0,111,249,113,218,5,204,106,177,0,6,43,224,171,236,0,67,161,10,181,52,59,0,111,135,116,137,1,146,104,59,0,6,43,130,177,59,0,67,174,10,201,89,59,0,95,253,109,252,1,206,59,0,7,43,230,194,59,0,67,153,10,137,35,59,0,111,191,101,242,1,168,105,118,0,6,43,158,181,59,0,66,166,10,248,88,59,0,241,6,2,0,167,104,176,2,242,106,0,0,72,66,0,0,72,66,5,1,0,0,128,144,7,114,192,7,0,51,51,35,64,25,0,245,4,163,10,185,54,233,203,156,10,225,229,2,0,116,101,114,106,97,110,113,55,4,247,2,157,10,149,15,1,1,2,1,6,1,0,0,0,94,1,0,2,66,0,82,0,0,190,66,0,240,7,226,112,65,234,203,156,10,153,179,230,4,166,10,248,88,61,0,98,40,66,158,10,223,32,138,0,127,0,243,107,208,1,174,100,197,0,6,43,205,176,197,0,67,163,10,164,49,59,0,111,165,108,185,1,208,102,59,0,6,28,141,98,2,67,173,10,197,6,59,0,111,153,101,244,1,224,100,39,2,6,43,185,186,39,2,67,163,10,131,14,59,0,111,189,102,198,3,142,109,118,0,6,28,143,196,3,67,166,10,197,34,59,0,111,161,115,140,5,222,113,59,0,6,43,186,201,236,0,67,168,10,229,100,59,0,111,143,113,160,4,200,122,59,0,6,43,241,196,59,0,67,153,10,209,68,59,0,111,171,112,139,4,148,112,59,0,6,43,129,172,59,0,67,158,10,233,10,59,0,111,227,107,188,1,180,112,39,1,6,43,205,200,39,1,67,168,10,185,24,59,0,127,239,112,224,4,254,132,1,60,0,6,43,226,193,60,0,52,164,10,253,216,5,111,133,100,69,194,132,1,178,0,6,43,220,183,178,0,67,157,10,200,78,119,0,111,195,94,130,8,226,106,59,0,6,43,184,163,59,0,52,161,10,149,98,5,111,151,89,213,1,178,101,59,0,6,28,128,19,6,67,171,10,155,74,118,0,95,237,93,179,4,202,99,1,7,43,214,164,118,0,67,148,10,210,116,59,0,111,197,95,234,2,162,134,237,0,7,43,178,190,60,0,52,173,10,160,40,1,241,1,165,88,133,3,140,131,1,0,0,0,64,0,0,0,64,1,198,3,240,15,192,7,0,0,0,168,65,0,1,168,10,189,35,129,203,156,10,212,156,197,7,0,213,170,213,2,0,0,0,0

out,1,134,179,3,132,163,2,0

out,1,138,201,198,1,138,199,134,6,0

out,1,138,201,134,1,138,199,198,6,0

out,1,138,201,70,138,199,198,6,0

out,1,138,197,198,15,138,199,198,6,0

out,1,138,197,134,15,138,199,198,6,0

out,1,138,197,198,14,138,199,134,7,0

out,1,138,197,134,14,138,199,134,7,0

out,1,138,197,198,13,138,199,134,7,0

out,1,138,197,134,13,138,199,134,7,0

out,1,138,197,198,12,138,199,198,7,0

out,1,138,197,134,12,138,199,198,7,0

out,1,138,197,198,11,138,199,198,7,0

out,1,138,197,134,11,138,199,198,7,0

out,1,138,197,198,10,138,199,198,7,0

out,1,138,197,134,10,138,199,134,8,0

out,1,138,197,198,9,138,199,134,8,0

out,1,138,197,198,9,138,199,134,8,0

out,1,138,197,134,9,138,199,134,8,0

out,1,138,197,198,8,138,199,134,8,0

out,1,138,197,134,8,138,199,134,8,0

out,1,138,197,134,8,138,199,134,8,0

out,1,138,197,198,7,138,199,198,8,0

out,1,138,197,134,7,138,199,198,8,0

out,1,138,197,134,7,138,199,198,8,0

out,1,138,197,198,6,138,199,198,8,0

out,1,138,197,198,6,138,199,198,8,0

out,1,138,197,134,6,138,199,198,8,0

out,1,138,197,134,6,138,199,198,8,0

out,1,138,197,198,5,138,199,198,8,0

out,1,138,197,198,5,138,199,134,9,0

out,1,138,197,134,5,138,199,134,9,0

out,1,138,197,134,5,138,199,134,9,0

out,1,138,197,134,5,138,199,134,9,0

out,1,138,197,198,4,138,199,134,9,0

out,1,138,197,198,4,138,199,134,9,0

out,1,138,197,198,4,138,199,134,9,0

out,1,138,197,134,4,138,199,134,9,0

out,1,138,197,134,4,138,199,134,9,0

out,1,138,197,134,4,138,199,134,9,0

out,1,138,197,198,3,138,199,134,9,0

out,1,138,197,198,3,138,199,134,9,0

out,1,138,197,198,3,138,199,134,9,0

out,1,138,197,198,3,138,199,134,9,0

out,1,138,197,134,3,138,199,134,9,0

out,1,138,197,134,3,138,199,198,9,0

out,1,138,197,134,3,138,199,198,9,0

out,1,138,197,134,3,138,199,198,9,0

out,1,138,197,198,2,138,199,198,9,0

out,1,138,197,198,2,138,199,198,9,0

out,1,138,197,198,2,138,199,198,9,0

out,1,138,197,198,2,138,199,198,9,0

out,1,138,197,198,2,138,199,198,9,0

out,1,138,197,198,2,138,199,198,9,0

out,1,138,197,198,2,138,199,198,9,0

out,1,138,197,134,2,138,199,198,9,0

out,1,138,197,134,2,138,199,198,9,0

out,1,138,197,134,2,138,199,198,9,0

out,1,138,197,134,2,138,199,198,9,0

out,1,138,197,134,2,138,199,198,9,0

out,1,138,197,134,2,138,199,198,9,0

out,1,138,197,134,2,138,199,198,9,0

out,1,138,197,134,2,138,199,198,9,0

out,1,138,197,198,1,138,199,198,9,0

out,1,138,197,198,1,138,199,198,9,0

out,1,138,197,198,1,138,199,198,9,0

out,1,138,197,198,1,138,199,198,9,0

out,1,138,197,198,1,138,199,198,9,0

out,1,138,197,198,1,138,199,198,9,0

out,1,138,197,198,1,138,199,198,9,0

out,1,138,197,198,1,138,199,198,9,0

out,1,138,197,198,1,138,199,198,9,0

out,1,138,197,198,1,138,199,198,9,0

out,1,138,197,198,1,138,199,198,9,0

out,1,138,197,198,1,138,199,198,9,0

out,1,138,197,198,1,138,199,198,9,0

out,1,138,197,198,1,138,199,198,9,0

out,1,138,197,198,1,138,199,198,9,0

out,1,138,197,198,1,138,199,198,9,0

out,1,138,197,198,1,138,199,198,9,0

out,1,138,197,134,1,138,199,198,9,0

out,1,138,197,134,1,138,199,198,9,0

out,1,138,197,134,1,138,199,198,9,0

out,1,138,197,134,1,138,199,198,9,0

out,1,138,197,134,1,138,199,198,9,0

out,1,138,197,134,1,138,199,198,9,0

out,1,138,197,134,1,138,199,198,9,0

